[-1],[-1],[-1],[-1],
[1.0184542412932056],[2.023343923619818],[3.0404125739061683],[4.1205523314971675],
[7.052784066439818],[8],[9],[-1],
[4.102786703720922],[3],[4],[5],
[6],[7],[10.013518341855109],[11.087858922423035],
[12],[11.855332973359674],[12],[13],
[14],[15],[16],[17],
[18],[11.487427924382036],[11.445726311286753],[11.0],
[11.78189615914774],[-1],[11.578724774786672],[11.613282748462645],
[11.676385136922985],[11.820334941100922],[12.00331806277841],[11.426913925290147],
[11.916453219795065],[11.984783427598952],[12.040789593133107],[13.069963774321092],
[12.907809543380315],[13],[14],[12.36361937048542],
[12.51262840847906],[12.475644020311536],[11.94995818933061],[12.378246806918796],
[12.699260460423666],[12.756577182504698],[12.797921271698156],[12.82853394033002],
[13],[12.964962193536502],[-1],[13.176998643435175],
[13.20273199340452],[12.3323799089254],[12.699232745825814],[13.04366857143074],
[13.517289860858387],[13.59532684814323],[13.661372979346307],[13.715138553957],
[13.741248819514018],[14.01243332226427],[15],[14.424882891134606],
[-1],[13.266877634295763],[13.648169897187582],[14.18674901272848],
[14.371740249283338],[14.582422541226489],[14.89110349121354],[14.60476127771437],
[14.881908821920717],[14.782434428016503],[14.79333455965535],[14.023761686105175],
[15.058023572081954],[14.99978958682894],[15],[-1],
[17],[15.576631076375495],[15.637780383878656],[15.63022206920717],
[15.760822325972452],[14.958063503819483],[15.059479978739384],[14.910111481341888],
[15.12656677094361],[15.290924259745212],[15.67870788006938],[16.20119386076251],
[16.50652823235996],[16.0],[16.73030532258394],[17.193701739305425],
[-1],[16.030392542369366],[16.180487842567747],[16.382370931757244],
[16.535932165354378],[16.808551817189905],[17.083513946888516],[17.78305778489522],
[17.886609345290125],[17.99199395961395],[18.074432136287484],[18.164790316680662],
[18.282529219977754],[17.509764248999407],[18.01932506989027],[18.0],
[17.871553563022392],[18.01588640370564],[-1],[20],
[21],[19.520907775223904],[19.671136592139206],[18.96440785472075],
[19.087510335374898],[19.536807433688736],[19.875455178195143],[19.543008582085474],
[19.652910352059617],[19.793934126972523],[19.92646149401772],[20.050375100212968],
[20.17483874607379],[20.640898999447728],[20.594806233399233],[21.01166456815016],
[20.999936200033474],[21.071781366686615],[21.209024769821674],[22.41762936584547],
[-1],[21.713039415222067],[21.872272906772196],[22.079022770875063],
[22.255160091373455],[22.299606409879704],[22.77555523337803],[22.99766145392749],
[23.146576725105547],[23.023565277987508],[23.474402348570038],[23.628925398171248],
[23.792345141620217],[23.953760520591846],[24.105465213519043],[24.261966084747954],
[23.616764791846695],[23.889803391506526],[24.454141276145762],[25.049245086455795],
[25.29015673221762],[26.019148473187794],[25.99986135795967],[25.823752295607132],
[25.99222821040775],[26.182412834011764],[27.24706387790845],[25.738127802858763],
[25.934915438216724],[26.120755504442844],[26.28371070652587],[26.741827848317214],
[27.32237260507848],[27.837578313201433],[28.051555568951514],[28.174525836809483],
[28.32376730807448],[26.845717871159184],[26.972551278103996],[27.128395425703445],
[27.258221272318053],[27.40964162794794],[27.561176056690886],[27.850559665552062],
[28.412793295491102],[28.945481613551276],[29.09093205856601],[29.234376076693408],
[28.522904096119873],[28.642229794719857],[29.006557264939662],[28.99994765630564],
[29.05574510242532],[29.179132801796328],[29.321474282467857],[29.431115211485423],
[-1],[30.369322009909176],[30.838209565550166],[30.110020997320426],
[30.223586385059487],[30.31462122759882],[30.431713966429985],[30.565469747870377],
[30.672629856251064],[30.780410137188273],[30.902034552280984],[31.026847016195678],
[31.594079997927015],[1.0679579596143767],[33.29598818549528],[33.42518209737211],
[33.50907020219081],[33.62626406740356],[33.72494216740392],[33.83152450280518],
[33.90007943560774],[34.01653369353401],[34.10034026532013],[34.213275888390534],
[34.30805457849812],[34.41217924587419],[34.29831847456259],[34.6721578258157],
[34.786673754836045],[35.00301644023703],[34.99994424808627],[35.06738775070901],
[35.179546104886],[35.286951131662775],[35.38875995169108],[-1],
[37.35794456992395],[34.89724171349044],[35.43297233544504],[35.95649310391838],
[36.07482952924798],[36.185218930415246],[36.30158256497571],[36.37727245428604],
[36.482168972424724],[36.58576054026745],[36.689750355257566],[36.802861153551135],
[34.9086005550552],[34.99660217390297],[35.706527612952236],[36.14744934444995],
[36.36891101098676],[36.42481658150989],[36.505582854680114],[36.59120578655693],
[36.68276635988286],[36.772612811166304],[36.847857726939644],[36.08835875936147],
[36.14483501964851],[36.224058310686665],[36.64560946863294],[37.18573708330969],
[37.48290077178241],[37.57147619100271],[37.6448016051666],[38.005612055852524],
[37.87255216048367],[37.938986109255104],[37.13722544178975],[37.206285384045934],
[38.17333380000641],[39.4018648979633],[37.75908738103],[38.295216949049944],
[38.7087339789521],[38.79879450778481],[38.8688717021053],[38.98403066707337],
[39.072907289316014],[38.29324394820768],[38.347716545508725],[38.42130006171826],
[38.48831348855859],[38.638980844443545],[38.87866204571217],[39.49680033229319],
[39.997283218223515],[40.020345505170816],[40.10559942045568],[1.19301836884542],
[41.160700102617966],[40.37041200828321],[40.43315355403728],[40.51417144754056],
[40.59470204780264],[40.6686526122188],[40.7557406021412],[40.913249055874466],
[41.45359312426099],[41.97813527325948],[42.09103174801967],[42.183012530033864],
[41.423238068384265],[41.4508528446339],[41.550433150486],[41.66023637741532],
[41.746920137879144],[42.003402358759395],[41.909308995432],[42.01916999232393],
[42.54764226825976],[43.08684660347711],[43.30328009666182],[-1],
[42.57021387275625],[42.66679420904279],[42.75394926655834],[42.84543954486628],
[42.952730504033305],[43.072808537482814],[43.14663647487001],[43.240925659546285],
[43.66401728019634],[44.20894265668993],[43.67473690025248],[43.71343557974438],
[43.80156072238939],[43.853203565739115],[43.966895120064805],[44.074187113132545],
[44.00246223206551],[1.0839053473087135],[44.70615971156819],[43.398345357115076],
[1.1026121469296035],[44.76381219288933],[44.75125744839787],[44.8105854272751],
[44.898516502820485],[44.979771555280436],[45.086673441744345],[45.151611978658025],
[45.24934779077374],[45.30077529765555],[45.407940581229674],[45.49448211988931],
[45.60977826185871],[45.3922491641322],[45.829703673758985],[45.97387429069494],
[46.04352378081554],[46.14272161727083],[46.23271364516301],[46.334281833707266],
[47],[46.51532250391952],[46.603037597611355],[46.7119442400085],
[46.01524627865055],[47.4448408273601],[48.675874610922584],[46.25221487381451],
[46.37053905357504],[46.45522429746048],[46.544550168160335],[46.63848452726455],
[46.73821120843357],[1.11740169888618],[47.84160483232081],[47.09511502718839],
[47.13563813922987],[47.60362718416302],[48.12683338908669],[48.41651142039662],
[48.52665729230447],[48.641159271163865],[48.71982392520023],[48.812498279640074],
[48.93225398795258],[1.113823613593795],[48.92134189538732],[49.04132099642705],
[49.28772951998878],[48.33520575577517],[48.710736091186256],[49.23526812655555],
[49.561231423485395],[49.68702014905371],[49.76857848526985],[49.903080129661994],
[49.95407839940343],[1.12715141664499],[51.06956895692178],[50.330292820222844],
[50.33744744322241],[50.43047942191747],[50.50825430047401],[50.803864113823394],
[51.3214426521971],[51.76591189541826],[51.91298734597244],[52.0],
[52.09573399144387],[52.18574234589874],[51.423280610720255],[52.008975255584915],
[51.72315213789903],[51.669007407155085],[51.772124597923174],[51.929469095994385],
[52.467134332324086],[53.001069517526616],[53.562934688969015],[54.1093215694375],
[54.3776641960474],[53.646550008969676],[53.67825377136243],[53.802372545252325],
[53.89784318096889],[54.0],[52.959716843342136],[53.18030622780426],
[53.641498461719934],[54.1745755420651],[54.444343769796426],[1.139282495502112],
[55.58594378672722],[54.85704114140927],[54.89348120428223],[55.007517896289066],
[55.079126112432206],[55.2129204245586],[55.2725492748177],[55.36261802645841],
[54.64883848150022],[54.99745588568576],[55.21156621625572],[1.107983679639456],
[56.8421616985454],[55.98062758739934],[56.0488100378405],[56.170723705119784],
[56.24632823261587],[56.33951977695379],[56.45116928795453],[56.518686911690345],
[56.611030171767936],[55.647252907344765],[55.901656115662554],[56.442217223842206],
[56.13718058168981],[56.16693586460563],[56.27352943487543],[56.34907935723147],
[56.451543037728065],[56.52865146721839],[56.637893129069354],[56.72172249365715],
[56.826217857985824],[56.931617943165236],[57.028665706623556],[57.12536754862555],
[57.31967119354519],[58],[57.51736552265233],[57.63140088778683],
[57.720389764640636],[57.819494824912944],[57.93334344995305],[58.03820238851342],
[58.1246821143319],[58.2343074873474],[57.733431266290275],[58.22891300572731],
[58.58222414868819],[58.719310007373394],[58.819632059241506],[58.918202930811674],
